function [n,l,f,r]=xopt()
n=NaN(4,10);
n(1,1)=2.49;
n(1,2)=0.91;
n(1,3)=0.39;
n(1,4)=0.22;
n(1,5)=0.16;
n(1,6)=0.15;
n(1,7)=0.14;
n(1,8)=0.05;
n(1,9)=0.02;
n(1,10)=0.00;
n(2,1)=2.49;
n(2,2)=2.67;
n(2,3)=1.68;
n(2,4)=1.00;
n(2,5)=0.66;
n(2,6)=0.52;
n(2,7)=0.45;
n(2,8)=0.24;
n(2,9)=0.11;
n(2,10)=0.05;
n(3,1)=2.49;
n(3,2)=2.67;
n(3,3)=2.85;
n(3,4)=2.25;
n(3,5)=1.60;
n(3,6)=1.15;
n(3,7)=0.91;
n(3,8)=0.60;
n(3,9)=0.36;
n(3,10)=0.19;
n(4,1)=2.49;
n(4,2)=2.65;
n(4,3)=2.82;
n(4,4)=2.99;
n(4,5)=2.68;
n(4,6)=2.18;
n(4,7)=1.75;
n(4,8)=1.13;
n(4,9)=0.74;
n(4,10)=0.46;

f=NaN(4,9);
f(1,1)=1.85;
f(1,2)=0.80;
f(1,3)=0.45;
f(1,4)=0.33;
f(1,5)=0.30;
f(1,6)=0.28;
f(1,7)=0.09;
f(1,8)=0.03;
f(1,9)=0.01;
f(2,1)=1.67;
f(2,2)=1.79;
f(2,3)=1.12;
f(2,4)=0.67;
f(2,5)=0.45;
f(2,6)=0.35;
f(2,7)=0.30;
f(2,8)=0.16;
f(2,9)=0.07;
f(3,1)=1.84;
f(3,2)=1.95;
f(3,3)=2.06;
f(3,4)=1.69;
f(3,5)=1.30;
f(3,6)=1.03;
f(3,7)=0.55;
f(3,8)=0.36;
f(3,9)=0.22;
f(4,1)=1.67;
f(4,2)=1.78;
f(4,3)=1.89;
f(4,4)=2.00;
f(4,5)=1.79;
f(4,6)=1.46;
f(4,7)=1.17;
f(4,8)=0.75;
f(4,9)=0.49;

l=NaN(4,10);
l(1,1)=0.00;
l(1,2)=0.00;
l(1,3)=0.00;
l(1,4)=0.00;
l(1,5)=0.00;
l(1,6)=0.00;
l(1,7)=0.00;
l(1,8)=0.00;
l(1,9)=0.00;
l(1,10)=0.00;
l(3,1)=0.00;
l(3,2)=0.00;
l(3,3)=0.00;
l(3,4)=0.00;
l(3,5)=0.00;
l(3,6)=0.00;
l(3,7)=0.00;
l(3,8)=0.00;
l(3,9)=0.00;
l(3,10)=0.00;

r=NaN(4,9);
r(1,1)=0.28;
r(1,2)=0.28;
r(1,3)=0.28;
r(1,4)=0.28;
r(1,5)=0.28;
r(1,6)=0.28;
r(1,7)=0.00;
r(1,8)=0.00;
r(1,9)=0.00;
r(3,1)=0.56;
r(3,2)=0.56;
r(3,3)=0.56;
r(3,4)=0.56;
r(3,5)=0.56;
r(3,6)=0.56;
r(3,7)=0.00;
r(3,8)=0.00;
r(3,9)=0.00;
